t,MV,PV,DV
0.000000000000000000e+00,3.000000000000000000e+01,3.771999999999999886e+01,5.000000000000000000e+01
1.000000000000000000e+00,3.000000000000000000e+01,3.778999999999999915e+01,5.000000000000000000e+01
2.000000000000000000e+00,3.000000000000000000e+01,3.778999999999999915e+01,5.000000000000000000e+01
3.000000000000000000e+00,3.000000000000000000e+01,3.782000000000000028e+01,5.000000000000000000e+01
4.000000000000000000e+00,3.000000000000000000e+01,3.778999999999999915e+01,5.000000000000000000e+01
5.000000000000000000e+00,3.000000000000000000e+01,3.775000000000000000e+01,5.000000000000000000e+01
6.000000000000000000e+00,3.000000000000000000e+01,3.788000000000000256e+01,5.000000000000000000e+01
7.000000000000000000e+00,3.000000000000000000e+01,3.788000000000000256e+01,5.000000000000000000e+01
8.000000000000000000e+00,3.000000000000000000e+01,3.775000000000000000e+01,5.000000000000000000e+01
9.000000000000000000e+00,3.000000000000000000e+01,3.797999999999999687e+01,5.000000000000000000e+01
1.000000000000000000e+01,7.000000000000000000e+01,3.800999999999999801e+01,5.000000000000000000e+01
1.100000000000000000e+01,7.000000000000000000e+01,3.814000000000000057e+01,5.000000000000000000e+01
1.200000000000000000e+01,7.000000000000000000e+01,3.810999999999999943e+01,5.000000000000000000e+01
1.300000000000000000e+01,7.000000000000000000e+01,3.814000000000000057e+01,5.000000000000000000e+01
1.400000000000000000e+01,7.000000000000000000e+01,3.824000000000000199e+01,5.000000000000000000e+01
1.500000000000000000e+01,7.000000000000000000e+01,3.827000000000000313e+01,5.000000000000000000e+01
1.600000000000000000e+01,7.000000000000000000e+01,3.824000000000000199e+01,5.000000000000000000e+01
1.700000000000000000e+01,7.000000000000000000e+01,3.836999999999999744e+01,5.000000000000000000e+01
1.800000000000000000e+01,7.000000000000000000e+01,3.836999999999999744e+01,5.000000000000000000e+01
1.900000000000000000e+01,7.000000000000000000e+01,3.846000000000000085e+01,5.000000000000000000e+01
2.000000000000000000e+01,7.000000000000000000e+01,3.856000000000000227e+01,5.000000000000000000e+01
2.100000000000000000e+01,7.000000000000000000e+01,3.871999999999999886e+01,5.000000000000000000e+01
2.200000000000000000e+01,7.000000000000000000e+01,3.875000000000000000e+01,5.000000000000000000e+01
2.300000000000000000e+01,7.000000000000000000e+01,3.888000000000000256e+01,5.000000000000000000e+01
2.400000000000000000e+01,7.000000000000000000e+01,3.910999999999999943e+01,5.000000000000000000e+01
2.500000000000000000e+01,7.000000000000000000e+01,3.927000000000000313e+01,5.000000000000000000e+01
2.600000000000000000e+01,7.000000000000000000e+01,3.927000000000000313e+01,5.000000000000000000e+01
2.700000000000000000e+01,7.000000000000000000e+01,3.939999999999999858e+01,5.000000000000000000e+01
2.800000000000000000e+01,7.000000000000000000e+01,3.946000000000000085e+01,5.000000000000000000e+01
2.900000000000000000e+01,7.000000000000000000e+01,3.949000000000000199e+01,5.000000000000000000e+01
3.000000000000000000e+01,7.000000000000000000e+01,3.961999999999999744e+01,5.000000000000000000e+01
3.100000000000000000e+01,7.000000000000000000e+01,3.982000000000000028e+01,5.000000000000000000e+01
3.200000000000000000e+01,7.000000000000000000e+01,3.982000000000000028e+01,5.000000000000000000e+01
3.300000000000000000e+01,7.000000000000000000e+01,4.014000000000000057e+01,5.000000000000000000e+01
3.400000000000000000e+01,7.000000000000000000e+01,4.014000000000000057e+01,5.000000000000000000e+01
3.500000000000000000e+01,7.000000000000000000e+01,4.014000000000000057e+01,5.000000000000000000e+01
3.600000000000000000e+01,7.000000000000000000e+01,4.032999999999999829e+01,5.000000000000000000e+01
3.700000000000000000e+01,7.000000000000000000e+01,4.052000000000000313e+01,5.000000000000000000e+01
3.800000000000000000e+01,7.000000000000000000e+01,4.052000000000000313e+01,5.000000000000000000e+01
3.900000000000000000e+01,7.000000000000000000e+01,4.059000000000000341e+01,5.000000000000000000e+01
4.000000000000000000e+01,7.000000000000000000e+01,4.064999999999999858e+01,5.000000000000000000e+01
4.100000000000000000e+01,7.000000000000000000e+01,4.081000000000000227e+01,5.000000000000000000e+01
4.200000000000000000e+01,7.000000000000000000e+01,4.085000000000000142e+01,5.000000000000000000e+01
4.300000000000000000e+01,7.000000000000000000e+01,4.093999999999999773e+01,5.000000000000000000e+01
4.400000000000000000e+01,7.000000000000000000e+01,4.097999999999999687e+01,5.000000000000000000e+01
4.500000000000000000e+01,7.000000000000000000e+01,4.110000000000000142e+01,5.000000000000000000e+01
4.600000000000000000e+01,7.000000000000000000e+01,4.135999999999999943e+01,5.000000000000000000e+01
4.700000000000000000e+01,7.000000000000000000e+01,4.135999999999999943e+01,5.000000000000000000e+01
4.800000000000000000e+01,7.000000000000000000e+01,4.132999999999999829e+01,5.000000000000000000e+01
4.900000000000000000e+01,7.000000000000000000e+01,4.152000000000000313e+01,5.000000000000000000e+01
5.000000000000000000e+01,7.000000000000000000e+01,4.149000000000000199e+01,5.000000000000000000e+01
5.100000000000000000e+01,7.000000000000000000e+01,4.152000000000000313e+01,5.000000000000000000e+01
5.200000000000000000e+01,7.000000000000000000e+01,4.171999999999999886e+01,5.000000000000000000e+01
5.300000000000000000e+01,7.000000000000000000e+01,4.164999999999999858e+01,5.000000000000000000e+01
5.400000000000000000e+01,7.000000000000000000e+01,4.178000000000000114e+01,5.000000000000000000e+01
5.500000000000000000e+01,7.000000000000000000e+01,4.193999999999999773e+01,5.000000000000000000e+01
5.600000000000000000e+01,7.000000000000000000e+01,4.214000000000000057e+01,5.000000000000000000e+01
5.700000000000000000e+01,7.000000000000000000e+01,4.203999999999999915e+01,5.000000000000000000e+01
5.800000000000000000e+01,7.000000000000000000e+01,4.220000000000000284e+01,5.000000000000000000e+01
5.900000000000000000e+01,7.000000000000000000e+01,4.214000000000000057e+01,5.000000000000000000e+01
6.000000000000000000e+01,7.000000000000000000e+01,4.225999999999999801e+01,5.000000000000000000e+01
6.100000000000000000e+01,7.000000000000000000e+01,4.242999999999999972e+01,5.000000000000000000e+01
6.200000000000000000e+01,7.000000000000000000e+01,4.242999999999999972e+01,5.000000000000000000e+01
6.300000000000000000e+01,7.000000000000000000e+01,4.264999999999999858e+01,5.000000000000000000e+01
6.400000000000000000e+01,7.000000000000000000e+01,4.271999999999999886e+01,5.000000000000000000e+01
6.500000000000000000e+01,7.000000000000000000e+01,4.278000000000000114e+01,5.000000000000000000e+01
6.600000000000000000e+01,7.000000000000000000e+01,4.281000000000000227e+01,5.000000000000000000e+01
6.700000000000000000e+01,7.000000000000000000e+01,4.290999999999999659e+01,5.000000000000000000e+01
6.800000000000000000e+01,7.000000000000000000e+01,4.313000000000000256e+01,5.000000000000000000e+01
6.900000000000000000e+01,7.000000000000000000e+01,4.313000000000000256e+01,5.000000000000000000e+01
7.000000000000000000e+01,7.000000000000000000e+01,4.307000000000000028e+01,5.000000000000000000e+01
7.100000000000000000e+01,7.000000000000000000e+01,4.303999999999999915e+01,5.000000000000000000e+01
7.200000000000000000e+01,7.000000000000000000e+01,4.325999999999999801e+01,5.000000000000000000e+01
7.300000000000000000e+01,7.000000000000000000e+01,4.329999999999999716e+01,5.000000000000000000e+01
7.400000000000000000e+01,7.000000000000000000e+01,4.342000000000000171e+01,5.000000000000000000e+01
7.500000000000000000e+01,7.000000000000000000e+01,4.349000000000000199e+01,5.000000000000000000e+01
7.600000000000000000e+01,7.000000000000000000e+01,4.346000000000000085e+01,5.000000000000000000e+01
7.700000000000000000e+01,7.000000000000000000e+01,4.352000000000000313e+01,5.000000000000000000e+01
7.800000000000000000e+01,7.000000000000000000e+01,4.371000000000000085e+01,5.000000000000000000e+01
7.900000000000000000e+01,7.000000000000000000e+01,4.390999999999999659e+01,5.000000000000000000e+01
8.000000000000000000e+01,7.000000000000000000e+01,4.371000000000000085e+01,5.000000000000000000e+01
8.100000000000000000e+01,7.000000000000000000e+01,4.388000000000000256e+01,5.000000000000000000e+01
8.200000000000000000e+01,7.000000000000000000e+01,4.403999999999999915e+01,5.000000000000000000e+01
8.300000000000000000e+01,7.000000000000000000e+01,4.420000000000000284e+01,5.000000000000000000e+01
8.400000000000000000e+01,7.000000000000000000e+01,4.422999999999999687e+01,5.000000000000000000e+01
8.500000000000000000e+01,7.000000000000000000e+01,4.422999999999999687e+01,5.000000000000000000e+01
8.600000000000000000e+01,7.000000000000000000e+01,4.446000000000000085e+01,5.000000000000000000e+01
8.700000000000000000e+01,7.000000000000000000e+01,4.446000000000000085e+01,5.000000000000000000e+01
8.800000000000000000e+01,7.000000000000000000e+01,4.461999999999999744e+01,5.000000000000000000e+01
8.900000000000000000e+01,7.000000000000000000e+01,4.471000000000000085e+01,5.000000000000000000e+01
9.000000000000000000e+01,7.000000000000000000e+01,4.475000000000000000e+01,5.000000000000000000e+01
9.100000000000000000e+01,7.000000000000000000e+01,4.484000000000000341e+01,5.000000000000000000e+01
9.200000000000000000e+01,7.000000000000000000e+01,4.490999999999999659e+01,5.000000000000000000e+01
9.300000000000000000e+01,7.000000000000000000e+01,4.481000000000000227e+01,5.000000000000000000e+01
9.400000000000000000e+01,7.000000000000000000e+01,4.503999999999999915e+01,5.000000000000000000e+01
9.500000000000000000e+01,7.000000000000000000e+01,4.522999999999999687e+01,5.000000000000000000e+01
9.600000000000000000e+01,7.000000000000000000e+01,4.517000000000000171e+01,5.000000000000000000e+01
9.700000000000000000e+01,7.000000000000000000e+01,4.535999999999999943e+01,5.000000000000000000e+01
9.800000000000000000e+01,7.000000000000000000e+01,4.535999999999999943e+01,5.000000000000000000e+01
9.900000000000000000e+01,7.000000000000000000e+01,4.535999999999999943e+01,5.000000000000000000e+01
1.000000000000000000e+02,7.000000000000000000e+01,4.535999999999999943e+01,5.000000000000000000e+01
1.010000000000000000e+02,7.000000000000000000e+01,4.535999999999999943e+01,5.000000000000000000e+01
1.020000000000000000e+02,7.000000000000000000e+01,4.532999999999999829e+01,5.000000000000000000e+01
1.030000000000000000e+02,7.000000000000000000e+01,4.532999999999999829e+01,5.000000000000000000e+01
1.040000000000000000e+02,7.000000000000000000e+01,4.539000000000000057e+01,5.000000000000000000e+01
1.050000000000000000e+02,7.000000000000000000e+01,4.539000000000000057e+01,5.000000000000000000e+01
1.060000000000000000e+02,7.000000000000000000e+01,4.539000000000000057e+01,5.000000000000000000e+01
1.070000000000000000e+02,7.000000000000000000e+01,4.525999999999999801e+01,5.000000000000000000e+01
1.080000000000000000e+02,7.000000000000000000e+01,4.525999999999999801e+01,5.000000000000000000e+01
1.090000000000000000e+02,7.000000000000000000e+01,4.528999999999999915e+01,5.000000000000000000e+01
1.100000000000000000e+02,7.000000000000000000e+01,4.532999999999999829e+01,5.000000000000000000e+01
1.110000000000000000e+02,7.000000000000000000e+01,4.525999999999999801e+01,5.000000000000000000e+01
1.120000000000000000e+02,7.000000000000000000e+01,4.525999999999999801e+01,5.000000000000000000e+01
1.130000000000000000e+02,7.000000000000000000e+01,4.522999999999999687e+01,5.000000000000000000e+01
1.140000000000000000e+02,7.000000000000000000e+01,4.503999999999999915e+01,5.000000000000000000e+01
1.150000000000000000e+02,7.000000000000000000e+01,4.513000000000000256e+01,5.000000000000000000e+01
1.160000000000000000e+02,7.000000000000000000e+01,4.507000000000000028e+01,5.000000000000000000e+01
1.170000000000000000e+02,7.000000000000000000e+01,4.510000000000000142e+01,5.000000000000000000e+01
1.180000000000000000e+02,7.000000000000000000e+01,4.510000000000000142e+01,5.000000000000000000e+01
1.190000000000000000e+02,7.000000000000000000e+01,4.496999999999999886e+01,5.000000000000000000e+01
1.200000000000000000e+02,7.000000000000000000e+01,4.496999999999999886e+01,5.000000000000000000e+01
1.210000000000000000e+02,7.000000000000000000e+01,4.507000000000000028e+01,5.000000000000000000e+01
1.220000000000000000e+02,7.000000000000000000e+01,4.503999999999999915e+01,5.000000000000000000e+01
1.230000000000000000e+02,7.000000000000000000e+01,4.517000000000000171e+01,5.000000000000000000e+01
1.240000000000000000e+02,7.000000000000000000e+01,4.517000000000000171e+01,5.000000000000000000e+01
1.250000000000000000e+02,7.000000000000000000e+01,4.513000000000000256e+01,5.000000000000000000e+01
1.260000000000000000e+02,7.000000000000000000e+01,4.513000000000000256e+01,5.000000000000000000e+01
1.270000000000000000e+02,7.000000000000000000e+01,4.520000000000000284e+01,5.000000000000000000e+01
1.280000000000000000e+02,7.000000000000000000e+01,4.507000000000000028e+01,5.000000000000000000e+01
1.290000000000000000e+02,7.000000000000000000e+01,4.503999999999999915e+01,5.000000000000000000e+01
1.300000000000000000e+02,7.000000000000000000e+01,4.517000000000000171e+01,5.000000000000000000e+01
1.310000000000000000e+02,7.000000000000000000e+01,4.525999999999999801e+01,5.000000000000000000e+01
1.320000000000000000e+02,7.000000000000000000e+01,4.517000000000000171e+01,5.000000000000000000e+01
1.330000000000000000e+02,7.000000000000000000e+01,4.522999999999999687e+01,5.000000000000000000e+01
1.340000000000000000e+02,7.000000000000000000e+01,4.522999999999999687e+01,5.000000000000000000e+01
1.350000000000000000e+02,7.000000000000000000e+01,4.525999999999999801e+01,5.000000000000000000e+01
1.360000000000000000e+02,3.000000000000000000e+01,4.525999999999999801e+01,5.000000000000000000e+01
1.370000000000000000e+02,3.000000000000000000e+01,4.522999999999999687e+01,5.000000000000000000e+01
1.380000000000000000e+02,3.000000000000000000e+01,4.517000000000000171e+01,5.000000000000000000e+01
1.390000000000000000e+02,3.000000000000000000e+01,4.535999999999999943e+01,5.000000000000000000e+01
1.400000000000000000e+02,3.000000000000000000e+01,4.525999999999999801e+01,5.000000000000000000e+01
1.410000000000000000e+02,3.000000000000000000e+01,4.539000000000000057e+01,5.000000000000000000e+01
1.420000000000000000e+02,3.000000000000000000e+01,4.539000000000000057e+01,5.000000000000000000e+01
1.430000000000000000e+02,3.000000000000000000e+01,4.554999999999999716e+01,5.000000000000000000e+01
1.440000000000000000e+02,3.000000000000000000e+01,4.552000000000000313e+01,5.000000000000000000e+01
1.450000000000000000e+02,3.000000000000000000e+01,4.554999999999999716e+01,5.000000000000000000e+01
1.460000000000000000e+02,3.000000000000000000e+01,4.561999999999999744e+01,5.000000000000000000e+01
1.470000000000000000e+02,3.000000000000000000e+01,4.581000000000000227e+01,5.000000000000000000e+01
1.480000000000000000e+02,3.000000000000000000e+01,4.593999999999999773e+01,5.000000000000000000e+01
1.490000000000000000e+02,3.000000000000000000e+01,4.584000000000000341e+01,5.000000000000000000e+01
1.500000000000000000e+02,3.000000000000000000e+01,4.593999999999999773e+01,5.000000000000000000e+01
1.510000000000000000e+02,3.000000000000000000e+01,4.584000000000000341e+01,5.000000000000000000e+01
1.520000000000000000e+02,3.000000000000000000e+01,4.564999999999999858e+01,5.000000000000000000e+01
1.530000000000000000e+02,3.000000000000000000e+01,4.554999999999999716e+01,5.000000000000000000e+01
1.540000000000000000e+02,3.000000000000000000e+01,4.554999999999999716e+01,5.000000000000000000e+01
1.550000000000000000e+02,3.000000000000000000e+01,4.542000000000000171e+01,5.000000000000000000e+01
1.560000000000000000e+02,3.000000000000000000e+01,4.546000000000000085e+01,5.000000000000000000e+01
1.570000000000000000e+02,3.000000000000000000e+01,4.546000000000000085e+01,5.000000000000000000e+01
1.580000000000000000e+02,3.000000000000000000e+01,4.546000000000000085e+01,5.000000000000000000e+01
1.590000000000000000e+02,3.000000000000000000e+01,4.525999999999999801e+01,5.000000000000000000e+01
1.600000000000000000e+02,3.000000000000000000e+01,4.532999999999999829e+01,5.000000000000000000e+01
1.610000000000000000e+02,3.000000000000000000e+01,4.513000000000000256e+01,5.000000000000000000e+01
1.620000000000000000e+02,3.000000000000000000e+01,4.517000000000000171e+01,5.000000000000000000e+01
1.630000000000000000e+02,3.000000000000000000e+01,4.513000000000000256e+01,5.000000000000000000e+01
1.640000000000000000e+02,3.000000000000000000e+01,4.490999999999999659e+01,5.000000000000000000e+01
1.650000000000000000e+02,3.000000000000000000e+01,4.503999999999999915e+01,5.000000000000000000e+01
1.660000000000000000e+02,3.000000000000000000e+01,4.500000000000000000e+01,5.000000000000000000e+01
1.670000000000000000e+02,3.000000000000000000e+01,4.496999999999999886e+01,5.000000000000000000e+01
1.680000000000000000e+02,3.000000000000000000e+01,4.488000000000000256e+01,5.000000000000000000e+01
1.690000000000000000e+02,3.000000000000000000e+01,4.475000000000000000e+01,5.000000000000000000e+01
1.700000000000000000e+02,3.000000000000000000e+01,4.481000000000000227e+01,5.000000000000000000e+01
1.710000000000000000e+02,3.000000000000000000e+01,4.464999999999999858e+01,5.000000000000000000e+01
1.720000000000000000e+02,3.000000000000000000e+01,4.478000000000000114e+01,5.000000000000000000e+01
1.730000000000000000e+02,3.000000000000000000e+01,4.471000000000000085e+01,5.000000000000000000e+01
1.740000000000000000e+02,3.000000000000000000e+01,4.461999999999999744e+01,5.000000000000000000e+01
1.750000000000000000e+02,3.000000000000000000e+01,4.454999999999999716e+01,5.000000000000000000e+01
1.760000000000000000e+02,3.000000000000000000e+01,4.432999999999999829e+01,5.000000000000000000e+01
1.770000000000000000e+02,3.000000000000000000e+01,4.446000000000000085e+01,5.000000000000000000e+01
1.780000000000000000e+02,3.000000000000000000e+01,4.439000000000000057e+01,5.000000000000000000e+01
1.790000000000000000e+02,3.000000000000000000e+01,4.422999999999999687e+01,5.000000000000000000e+01
1.800000000000000000e+02,3.000000000000000000e+01,4.422999999999999687e+01,5.000000000000000000e+01
1.810000000000000000e+02,3.000000000000000000e+01,4.393999999999999773e+01,5.000000000000000000e+01
1.820000000000000000e+02,3.000000000000000000e+01,4.396999999999999886e+01,5.000000000000000000e+01
1.830000000000000000e+02,3.000000000000000000e+01,4.393999999999999773e+01,5.000000000000000000e+01
1.840000000000000000e+02,3.000000000000000000e+01,4.375000000000000000e+01,5.000000000000000000e+01
1.850000000000000000e+02,3.000000000000000000e+01,4.352000000000000313e+01,5.000000000000000000e+01
1.860000000000000000e+02,3.000000000000000000e+01,4.361999999999999744e+01,5.000000000000000000e+01
1.870000000000000000e+02,3.000000000000000000e+01,4.346000000000000085e+01,5.000000000000000000e+01
1.880000000000000000e+02,3.000000000000000000e+01,4.313000000000000256e+01,5.000000000000000000e+01
1.890000000000000000e+02,3.000000000000000000e+01,4.303999999999999915e+01,5.000000000000000000e+01
1.900000000000000000e+02,3.000000000000000000e+01,4.290999999999999659e+01,5.000000000000000000e+01
1.910000000000000000e+02,3.000000000000000000e+01,4.267999999999999972e+01,5.000000000000000000e+01
1.920000000000000000e+02,3.000000000000000000e+01,4.261999999999999744e+01,5.000000000000000000e+01
1.930000000000000000e+02,3.000000000000000000e+01,4.242999999999999972e+01,5.000000000000000000e+01
1.940000000000000000e+02,3.000000000000000000e+01,4.239000000000000057e+01,5.000000000000000000e+01
1.950000000000000000e+02,3.000000000000000000e+01,4.220000000000000284e+01,5.000000000000000000e+01
1.960000000000000000e+02,3.000000000000000000e+01,4.203999999999999915e+01,5.000000000000000000e+01
1.970000000000000000e+02,3.000000000000000000e+01,4.188000000000000256e+01,5.000000000000000000e+01
1.980000000000000000e+02,3.000000000000000000e+01,4.167999999999999972e+01,5.000000000000000000e+01
1.990000000000000000e+02,3.000000000000000000e+01,4.167999999999999972e+01,5.000000000000000000e+01
2.000000000000000000e+02,3.000000000000000000e+01,4.161999999999999744e+01,5.000000000000000000e+01
2.010000000000000000e+02,3.000000000000000000e+01,4.149000000000000199e+01,5.000000000000000000e+01
2.020000000000000000e+02,3.000000000000000000e+01,4.146000000000000085e+01,5.000000000000000000e+01
2.030000000000000000e+02,3.000000000000000000e+01,4.146000000000000085e+01,5.000000000000000000e+01
2.040000000000000000e+02,3.000000000000000000e+01,4.135999999999999943e+01,5.000000000000000000e+01
2.050000000000000000e+02,3.000000000000000000e+01,4.127000000000000313e+01,5.000000000000000000e+01
2.060000000000000000e+02,3.000000000000000000e+01,4.122999999999999687e+01,5.000000000000000000e+01
2.070000000000000000e+02,3.000000000000000000e+01,4.114000000000000057e+01,5.000000000000000000e+01
2.080000000000000000e+02,3.000000000000000000e+01,4.114000000000000057e+01,5.000000000000000000e+01
2.090000000000000000e+02,3.000000000000000000e+01,4.107000000000000028e+01,5.000000000000000000e+01
2.100000000000000000e+02,3.000000000000000000e+01,4.114000000000000057e+01,5.000000000000000000e+01
2.110000000000000000e+02,3.000000000000000000e+01,4.110000000000000142e+01,5.000000000000000000e+01
2.120000000000000000e+02,3.000000000000000000e+01,4.107000000000000028e+01,5.000000000000000000e+01
2.130000000000000000e+02,3.000000000000000000e+01,4.097999999999999687e+01,5.000000000000000000e+01
2.140000000000000000e+02,3.000000000000000000e+01,4.085000000000000142e+01,5.000000000000000000e+01
2.150000000000000000e+02,3.000000000000000000e+01,4.081000000000000227e+01,5.000000000000000000e+01
2.160000000000000000e+02,3.000000000000000000e+01,4.071999999999999886e+01,5.000000000000000000e+01
2.170000000000000000e+02,3.000000000000000000e+01,4.061999999999999744e+01,5.000000000000000000e+01
2.180000000000000000e+02,3.000000000000000000e+01,4.049000000000000199e+01,5.000000000000000000e+01
2.190000000000000000e+02,3.000000000000000000e+01,4.035999999999999943e+01,5.000000000000000000e+01
2.200000000000000000e+02,3.000000000000000000e+01,4.029999999999999716e+01,5.000000000000000000e+01
2.210000000000000000e+02,3.000000000000000000e+01,4.032999999999999829e+01,5.000000000000000000e+01
2.220000000000000000e+02,3.000000000000000000e+01,4.027000000000000313e+01,5.000000000000000000e+01
2.230000000000000000e+02,3.000000000000000000e+01,4.017000000000000171e+01,5.000000000000000000e+01
2.240000000000000000e+02,3.000000000000000000e+01,4.017000000000000171e+01,5.000000000000000000e+01
2.250000000000000000e+02,3.000000000000000000e+01,4.014000000000000057e+01,5.000000000000000000e+01
2.260000000000000000e+02,3.000000000000000000e+01,4.010999999999999943e+01,5.000000000000000000e+01
2.270000000000000000e+02,3.000000000000000000e+01,4.000999999999999801e+01,5.000000000000000000e+01
2.280000000000000000e+02,3.000000000000000000e+01,4.010999999999999943e+01,5.000000000000000000e+01
2.290000000000000000e+02,3.000000000000000000e+01,4.000999999999999801e+01,5.000000000000000000e+01
2.300000000000000000e+02,3.000000000000000000e+01,3.988000000000000256e+01,5.000000000000000000e+01
2.310000000000000000e+02,3.000000000000000000e+01,3.982000000000000028e+01,5.000000000000000000e+01
2.320000000000000000e+02,3.000000000000000000e+01,3.975000000000000000e+01,5.000000000000000000e+01
2.330000000000000000e+02,3.000000000000000000e+01,3.971999999999999886e+01,5.000000000000000000e+01
2.340000000000000000e+02,3.000000000000000000e+01,3.982000000000000028e+01,5.000000000000000000e+01
2.350000000000000000e+02,3.000000000000000000e+01,3.971999999999999886e+01,5.000000000000000000e+01
2.360000000000000000e+02,3.000000000000000000e+01,3.961999999999999744e+01,5.000000000000000000e+01
2.370000000000000000e+02,3.000000000000000000e+01,3.956000000000000227e+01,5.000000000000000000e+01
2.380000000000000000e+02,3.000000000000000000e+01,3.939999999999999858e+01,5.000000000000000000e+01
2.390000000000000000e+02,3.000000000000000000e+01,3.927000000000000313e+01,5.000000000000000000e+01
2.400000000000000000e+02,3.000000000000000000e+01,3.914000000000000057e+01,5.000000000000000000e+01
2.410000000000000000e+02,3.000000000000000000e+01,3.910999999999999943e+01,5.000000000000000000e+01
2.420000000000000000e+02,3.000000000000000000e+01,3.888000000000000256e+01,5.000000000000000000e+01
2.430000000000000000e+02,3.000000000000000000e+01,3.890999999999999659e+01,5.000000000000000000e+01
2.440000000000000000e+02,3.000000000000000000e+01,3.888000000000000256e+01,5.000000000000000000e+01
2.450000000000000000e+02,3.000000000000000000e+01,3.878000000000000114e+01,5.000000000000000000e+01
2.460000000000000000e+02,3.000000000000000000e+01,3.865999999999999659e+01,5.000000000000000000e+01
2.470000000000000000e+02,3.000000000000000000e+01,3.868999999999999773e+01,5.000000000000000000e+01
2.480000000000000000e+02,3.000000000000000000e+01,3.849000000000000199e+01,5.000000000000000000e+01
2.490000000000000000e+02,3.000000000000000000e+01,3.856000000000000227e+01,5.000000000000000000e+01
2.500000000000000000e+02,3.000000000000000000e+01,3.853000000000000114e+01,5.000000000000000000e+01
2.510000000000000000e+02,3.000000000000000000e+01,3.853000000000000114e+01,5.000000000000000000e+01
2.520000000000000000e+02,3.000000000000000000e+01,3.853000000000000114e+01,5.000000000000000000e+01
2.530000000000000000e+02,3.000000000000000000e+01,3.849000000000000199e+01,5.000000000000000000e+01
2.540000000000000000e+02,3.000000000000000000e+01,3.849000000000000199e+01,5.000000000000000000e+01
2.550000000000000000e+02,3.000000000000000000e+01,3.846000000000000085e+01,5.000000000000000000e+01
2.560000000000000000e+02,3.000000000000000000e+01,3.836999999999999744e+01,5.000000000000000000e+01
2.570000000000000000e+02,3.000000000000000000e+01,3.836999999999999744e+01,5.000000000000000000e+01
2.580000000000000000e+02,3.000000000000000000e+01,3.832999999999999829e+01,5.000000000000000000e+01
2.590000000000000000e+02,3.000000000000000000e+01,3.817000000000000171e+01,5.000000000000000000e+01
2.600000000000000000e+02,3.000000000000000000e+01,3.817000000000000171e+01,5.000000000000000000e+01
2.610000000000000000e+02,3.000000000000000000e+01,3.814000000000000057e+01,5.000000000000000000e+01
2.620000000000000000e+02,3.000000000000000000e+01,3.820000000000000284e+01,5.000000000000000000e+01
2.630000000000000000e+02,3.000000000000000000e+01,3.814000000000000057e+01,5.000000000000000000e+01
2.640000000000000000e+02,3.000000000000000000e+01,3.814000000000000057e+01,5.000000000000000000e+01
2.650000000000000000e+02,3.000000000000000000e+01,3.800999999999999801e+01,5.000000000000000000e+01
2.660000000000000000e+02,3.000000000000000000e+01,3.771999999999999886e+01,5.000000000000000000e+01
2.670000000000000000e+02,3.000000000000000000e+01,3.782000000000000028e+01,5.000000000000000000e+01
2.680000000000000000e+02,3.000000000000000000e+01,3.771999999999999886e+01,5.000000000000000000e+01
2.690000000000000000e+02,3.000000000000000000e+01,3.753000000000000114e+01,5.000000000000000000e+01
2.700000000000000000e+02,3.000000000000000000e+01,3.750000000000000000e+01,5.000000000000000000e+01
2.710000000000000000e+02,3.000000000000000000e+01,3.742999999999999972e+01,5.000000000000000000e+01
2.720000000000000000e+02,3.000000000000000000e+01,3.746000000000000085e+01,5.000000000000000000e+01
2.730000000000000000e+02,3.000000000000000000e+01,3.729999999999999716e+01,5.000000000000000000e+01
2.740000000000000000e+02,3.000000000000000000e+01,3.727000000000000313e+01,5.000000000000000000e+01
2.750000000000000000e+02,3.000000000000000000e+01,3.717000000000000171e+01,5.000000000000000000e+01
2.760000000000000000e+02,3.000000000000000000e+01,3.695000000000000284e+01,5.000000000000000000e+01
2.770000000000000000e+02,3.000000000000000000e+01,3.682000000000000028e+01,5.000000000000000000e+01
2.780000000000000000e+02,3.000000000000000000e+01,3.682000000000000028e+01,5.000000000000000000e+01
2.790000000000000000e+02,3.000000000000000000e+01,3.675000000000000000e+01,5.000000000000000000e+01
2.800000000000000000e+02,3.000000000000000000e+01,3.671999999999999886e+01,5.000000000000000000e+01
2.810000000000000000e+02,3.000000000000000000e+01,3.659000000000000341e+01,5.000000000000000000e+01
2.820000000000000000e+02,3.000000000000000000e+01,3.659000000000000341e+01,5.000000000000000000e+01
2.830000000000000000e+02,3.000000000000000000e+01,3.636999999999999744e+01,5.000000000000000000e+01
2.840000000000000000e+02,3.000000000000000000e+01,3.639999999999999858e+01,5.000000000000000000e+01
2.850000000000000000e+02,3.000000000000000000e+01,3.621000000000000085e+01,5.000000000000000000e+01
2.860000000000000000e+02,3.000000000000000000e+01,3.621000000000000085e+01,5.000000000000000000e+01
2.870000000000000000e+02,3.000000000000000000e+01,3.629999999999999716e+01,5.000000000000000000e+01
2.880000000000000000e+02,3.000000000000000000e+01,3.617000000000000171e+01,5.000000000000000000e+01
2.890000000000000000e+02,3.000000000000000000e+01,3.627000000000000313e+01,5.000000000000000000e+01
2.900000000000000000e+02,3.000000000000000000e+01,3.617000000000000171e+01,5.000000000000000000e+01
2.910000000000000000e+02,3.000000000000000000e+01,3.621000000000000085e+01,5.000000000000000000e+01
2.920000000000000000e+02,3.000000000000000000e+01,3.614000000000000057e+01,5.000000000000000000e+01
2.930000000000000000e+02,3.000000000000000000e+01,3.610999999999999943e+01,5.000000000000000000e+01
2.940000000000000000e+02,3.000000000000000000e+01,3.603999999999999915e+01,5.000000000000000000e+01
2.950000000000000000e+02,3.000000000000000000e+01,3.588000000000000256e+01,5.000000000000000000e+01
2.960000000000000000e+02,3.000000000000000000e+01,3.595000000000000284e+01,5.000000000000000000e+01
2.970000000000000000e+02,3.000000000000000000e+01,3.588000000000000256e+01,5.000000000000000000e+01
2.980000000000000000e+02,3.000000000000000000e+01,3.578999999999999915e+01,5.000000000000000000e+01
2.990000000000000000e+02,3.000000000000000000e+01,3.588000000000000256e+01,5.000000000000000000e+01
3.000000000000000000e+02,3.000000000000000000e+01,3.582000000000000028e+01,5.000000000000000000e+01
3.010000000000000000e+02,3.000000000000000000e+01,3.578999999999999915e+01,5.000000000000000000e+01
3.020000000000000000e+02,3.000000000000000000e+01,3.588000000000000256e+01,5.000000000000000000e+01
3.030000000000000000e+02,3.000000000000000000e+01,3.582000000000000028e+01,5.000000000000000000e+01
3.040000000000000000e+02,3.000000000000000000e+01,3.595000000000000284e+01,5.000000000000000000e+01
3.050000000000000000e+02,3.000000000000000000e+01,3.578999999999999915e+01,5.000000000000000000e+01
3.060000000000000000e+02,3.000000000000000000e+01,3.597999999999999687e+01,5.000000000000000000e+01
3.070000000000000000e+02,3.000000000000000000e+01,3.595000000000000284e+01,5.000000000000000000e+01
3.080000000000000000e+02,3.000000000000000000e+01,3.597999999999999687e+01,5.000000000000000000e+01
3.090000000000000000e+02,3.000000000000000000e+01,3.595000000000000284e+01,5.000000000000000000e+01
3.100000000000000000e+02,3.000000000000000000e+01,3.585000000000000142e+01,5.000000000000000000e+01
3.110000000000000000e+02,3.000000000000000000e+01,3.592000000000000171e+01,5.000000000000000000e+01
3.120000000000000000e+02,3.000000000000000000e+01,3.595000000000000284e+01,5.000000000000000000e+01
3.130000000000000000e+02,3.000000000000000000e+01,3.588000000000000256e+01,5.000000000000000000e+01
3.140000000000000000e+02,3.000000000000000000e+01,3.585000000000000142e+01,5.000000000000000000e+01
3.150000000000000000e+02,3.000000000000000000e+01,3.592000000000000171e+01,5.000000000000000000e+01
3.160000000000000000e+02,3.000000000000000000e+01,3.597999999999999687e+01,5.000000000000000000e+01
